0.5666666666666667
0.5888888888888888
0.4259259259259259
0.7703703703703704
0.4925925925925926
0.7703703703703704
0.8481481481481483
0.4925925925925926
0.625925925925926
0.762962962962963
0.5592592592592592
0.6925925925925925
0.7703703703703704
0.662962962962963
0.5999999999999999
0.3370370370370371
0.7037037037037036
0.5777777777777777
0.4888888888888888
0.437037037037037
0.4851851851851851
0.4444444444444445
0.4148148148148149
0.3925925925925925
0.5703703703703704
0.6444444444444445
0.5222222222222223
0.6444444444444444
0.6925925925925925
0.3518518518518518
0.5814814814814814
0.7481481481481482
0.4666666666666667
0.6518518518518518
0.5037037037037037
0.7037037037037037
0.7222222222222221
0.4814814814814814
0.7814814814814814
0.7555555555555555
0.274074074074074
0.5666666666666668
0.6037037037037039
0.6666666666666667
0.3814814814814814
0.5592592592592592
0.6370370370370371
0.7074074074074074
0.4259259259259259
0.711111111111111
0.3481481481481482
0.6481481481481481
0.562962962962963
0.6592592592592593
0.4
0.4407407407407408
0.6851851851851851
0.5
0.3481481481481481
0.5259259259259259
0.7444444444444445
0.711111111111111
0.5518518518518519
0.3851851851851852
0.2296296296296296
0.6518518518518519
0.5888888888888888
0.5444444444444445
0.4074074074074074
0.5777777777777777
0.5259259259259259
0.4962962962962963
0.5074074074074073
0.2592592592592592
0.325925925925926
0.6555555555555556
0.4888888888888888
0.4925925925925926
0.1851851851851852
0.4888888888888888
0.6333333333333334
0.3925925925925925
0.5
0.5592592592592592
0.3185185185185185
0.3481481481481482
0.237037037037037
0.5962962962962963
0.5259259259259259
0.4074074074074073
0.5111111111111112
0.4851851851851851
0.5333333333333334
0.5074074074074074
0.3148148148148148
0.4814814814814815
0.5148148148148147
0.4666666666666667
0.3185185185185185
0.5
0.5703703703703703
0.4074074074074074
0.5407407407407407
0.3814814814814814
0.3592592592592593
0.7444444444444442
0.5814814814814814
0.6407407407407407
0.562962962962963
0.662962962962963
0.6407407407407407
0.3666666666666666
0.8666666666666666
0.6370370370370371
0.5111111111111111
0.4851851851851851
0.3111111111111111
0.6333333333333332
0.5703703703703704
0.3518518518518519
0.6185185185185185
0.6555555555555554
0.6481481481481481
0.6148148148148149
0.5481481481481481
0.4
0.6814814814814815
0.4074074074074074
0.2037037037037037
0.3592592592592593
0.2333333333333333
0.3037037037037037
0.4777777777777777
0.7074074074074074
0.7814814814814814
0.4037037037037037
0.6148148148148148
0.4814814814814815
0.474074074074074
0.474074074074074
0.7333333333333334
0.2814814814814816
0.3037037037037037
0.5481481481481482
0.4592592592592593
0.7
0.1333333333333333
0.5148148148148148
0.4222222222222223
0.5148148148148148
0.6555555555555556
0.5629629629629629
0.3962962962962963
0.2444444444444445
0.3111111111111111
0.4444444444444445
0.5333333333333334
0.2518518518518519
0.5148148148148148
0.2925925925925926
0.2074074074074074
0.2999999999999999
0.2888888888888889
0.9259259259259259
0.3518518518518518
0.6925925925925925
0.3851851851851852
0.3851851851851852
0.6925925925925926
0.2
0.4888888888888889
0.1407407407407407
0.4444444444444444
0.1666666666666666
0.1555555555555555
0.5444444444444445
0.4444444444444445
0.2962962962962963
0.7592592592592593
0.5444444444444444
0.3925925925925926
0.3111111111111111
0.2925925925925926
0.1481481481481481
0.4185185185185186
0.5888888888888889
0.4814814814814815
0.3592592592592593
0.5037037037037037
0.3925925925925926
0.6037037037037037
0.3851851851851852
0.6814814814814814
0.5370370370370371
0.5962962962962963
0.4703703703703704
0.5333333333333334
0.4296296296296296
0.3148148148148148
0.4592592592592593
0.5296296296296296
0.2259259259259259
0.3814814814814815
0.2925925925925926
0.5074074074074073
0.3074074074074074
0.3925925925925926
0.2074074074074074
0.4629629629629629
0.4962962962962963
0.5481481481481482
0.4148148148148148
0.7037037037037036
0.5666666666666667
0.3962962962962964
0.2555555555555556
0.3518518518518518
0.4222222222222222
0.6777777777777777
0.6592592592592592
0.5
0.3148148148148148
0.4037037037037036
0.611111111111111
0.3333333333333334
0.2333333333333333
0.5333333333333333
0.4851851851851851
0.5851851851851853
0.7592592592592592
0.6925925925925924
0.5703703703703704
0.725925925925926
0.5407407407407406
0.5592592592592592
0.6037037037037037
0.5851851851851851
0.6111111111111112
0.5666666666666667
0.4962962962962963
0.2851851851851852
0.4074074074074073
0.6407407407407408
0.7037037037037037
0.3629629629629629
0.4444444444444444
0.6074074074074074
0.3777777777777778
0.4481481481481481
0.7296296296296295
0.4296296296296297
0.4555555555555555
0.3222222222222222
0.5666666666666667
0.2370370370370371
0.4222222222222222
0.5962962962962963
0.5592592592592592
0.5148148148148148
0.5370370370370371
0.4555555555555555
0.5740740740740741
0.2851851851851852
0.5111111111111111
0.4888888888888888
0.6444444444444444
0.437037037037037
0.3296296296296296
0.4037037037037037
0.4592592592592593
0.4777777777777777
0.4888888888888889
0.4999999999999999
0.4259259259259259
0.5444444444444445
0.5148148148148148
0.6037037037037036
0.5481481481481481
0.5777777777777777
0.5814814814814814
0.4111111111111111
0.5148148148148148
0.4185185185185185
0.4444444444444444
0.3592592592592592
0.625925925925926
0.4074074074074074
0.6481481481481481
0.4703703703703703
0.5148148148148148
0.4518518518518518
0.5555555555555557
0.3888888888888889
0.5296296296296296
0.6777777777777778
0.4259259259259259
0.4814814814814815
0.5333333333333333
0.4259259259259259
0.4555555555555555
0.2962962962962963
0.3185185185185185
0.5074074074074073
0.4888888888888889
0.7481481481481481
0.5777777777777778
0.4962962962962962
0.4407407407407408
0.5888888888888888
0.7666666666666666
0.5074074074074074
0.3555555555555555
0.3185185185185185
0.4925925925925926
0.3851851851851852
0.437037037037037
0.4555555555555555
0.4925925925925926
0.5259259259259259
0.5148148148148148
0.5111111111111111
0.3925925925925926
0.4962962962962963
0.5703703703703703
0.5333333333333334
0.5481481481481482
0.5444444444444445
0.6222222222222222
0.3777777777777778
0.2999999999999999
0.5555555555555556
0.3074074074074074
0.4
0.4518518518518519
0.6185185185185185
0.4111111111111111
0.3888888888888888
0.5481481481481481
0.4592592592592593
0.6111111111111112
0.4592592592592593
0.4185185185185185
0.3444444444444444
0.5
0.7666666666666666
0.3888888888888889
0.4851851851851852
0.2666666666666667
0.5185185185185185
0.6777777777777778
0.4148148148148148
0.4925925925925926
0.3185185185185185
0.4148148148148148
0.2148148148148148
0.3185185185185185
0.3962962962962963
0.6777777777777778
0.5925925925925926
0.5148148148148148
0.4185185185185185
0.4074074074074074
0.4888888888888888
0.6037037037037037
0.4148148148148148
0.3555555555555555
0.4111111111111111
0.1111111111111111
0.5666666666666667
0.262962962962963
0.2407407407407408
0.4222222222222222
0.3814814814814814
0.3703703703703703
0.6074074074074074
0.462962962962963
0.4222222222222222
0.3518518518518519
0.6148148148148149
0.3259259259259259
0.5481481481481481
0.3851851851851852
0.4851851851851852
0.4518518518518519
0.4777777777777779
0.5333333333333333
0.3925925925925926
0.2814814814814815
0.611111111111111
0.3444444444444444
0.4074074074074073
0.3777777777777778
0.6037037037037037
0.6925925925925925
0.4037037037037036
0.4185185185185185
0.3962962962962963
0.3333333333333334
0.2074074074074073
0.362962962962963
0.4185185185185185
0.4074074074074073
0.4111111111111111
0.3962962962962963
0.4481481481481481
0.2851851851851852
0.5962962962962963
0.4185185185185185
0.3740740740740741
0.5259259259259259
0.3740740740740741
0.4259259259259259
0.3666666666666666
0.1925925925925926
0.2111111111111111
0.3111111111111111
0.437037037037037
0.2925925925925926
0.3740740740740741
0.5481481481481481
0.6111111111111112
0.5851851851851851
0.4962962962962963
0.4518518518518518
0.6592592592592592
0.3740740740740741
0.4074074074074073
0.5814814814814814
0.4888888888888889
0.4703703703703703
0.4222222222222222
0.3888888888888889
0.4777777777777779
0.4296296296296296
0.4888888888888888
0.5074074074074074
0.4925925925925926
0.3111111111111111
0.6296296296296295
0.3333333333333334
0.5777777777777777
0.4851851851851851
0.1111111111111111
0.2185185185185185
0.6259259259259259
0.6074074074074074
0.6
0.6296296296296297
0.4407407407407408
0.6222222222222222
0.7074074074074075
0.4925925925925926
0.4518518518518518
0.6666666666666667
0.5851851851851853
0.3518518518518519
0.6555555555555556
0.7555555555555555
0.3481481481481482
0.5962962962962963
0.6925925925925925
0.6222222222222222
0.4888888888888889
0.4481481481481482
0.6333333333333333
0.3111111111111111
0.474074074074074
0.3555555555555556
0.5407407407407406
0.7037037037037037
0.4518518518518518
0.4185185185185185
0.5481481481481481
0.4703703703703703
0.4925925925925926
0.6555555555555556
0.5111111111111112
0.6
0.4037037037037037
0.7814814814814814
0.6333333333333333
0.6518518518518519
0.6962962962962964
0.5222222222222221
0.6814814814814815
0.4037037037037037
0.6259259259259259
0.5555555555555556
0.5962962962962963
0.5111111111111112
0.4962962962962963
0.5888888888888888
0.3962962962962963
0.3333333333333333
0.4518518518518518
0.6370370370370371
0.6037037037037037
0.3518518518518519
0.5962962962962963
0.2925925925925926
0.4962962962962963
0.3074074074074074
0.6518518518518518
0.7185185185185186
0.3148148148148148
0.5037037037037038
0.4666666666666667
0.4925925925925926
0.3740740740740741
0.5481481481481482
0.462962962962963
0.3666666666666667
0.5481481481481482
0.6222222222222222
0.4740740740740741
0.3333333333333334
0.7962962962962962
0.3814814814814815
0.5074074074074073
0.648148148148148
0.5777777777777777
0.5
0.6148148148148148
0.6481481481481481
0.5333333333333333
0.5777777777777778
0.3666666666666667
0.3777777777777777
0.4629629629629629
0.5
0.5296296296296296
0.2962962962962963
0.2481481481481481
0.5740740740740741
0.5481481481481482
0.4222222222222222
0.4851851851851852
0.4925925925925926
0.5740740740740741
0.5444444444444445
0.4666666666666666
0.2481481481481481
0.6185185185185185
0.5481481481481481
0.5925925925925926
0.3666666666666666
0.5740740740740742
0.3703703703703703
0.3518518518518518
0.5222222222222223
0.5962962962962963
0.7703703703703704
0.5925925925925927
0.3629629629629629
0.3740740740740741
0.7259259259259259
0.6037037037037037
0.4148148148148148
0.4444444444444444
0.4703703703703703
0.6037037037037036
0.5074074074074074
0.2851851851851852
0.662962962962963
0.5592592592592591
0.5592592592592592
0.6481481481481481
0.4185185185185185
0.6222222222222222
0.5222222222222221
0.4333333333333333
0.3148148148148148
0.3444444444444444
0.4592592592592593
0.5777777777777777
0.3555555555555556
0.4444444444444444
0.2740740740740741
0.4037037037037037
0.262962962962963
0.6
0.4222222222222222
0.3481481481481481
0.3703703703703703
0.2851851851851852
0.2370370370370371
0.6962962962962963
0.3740740740740741
0.3074074074074074
0.6703703703703703
0.6555555555555556
0.2259259259259259
0.5037037037037037
0.4111111111111111
0.2444444444444444
0.5703703703703704
0.4333333333333333
0.2518518518518518
0.5962962962962963
0.3851851851851852
0.4148148148148148
0.4851851851851851
0.6333333333333332
0.4185185185185185
0.4629629629629629
0.4851851851851852
0.4259259259259259
0.4074074074074073
0.5074074074074074
0.3592592592592593
0.4666666666666667
0.3333333333333334
0.3148148148148148
0.2703703703703703
0.4814814814814815
0.6851851851851852
0.4407407407407407
0.4666666666666666
0.4148148148148149
0.4703703703703704
0.474074074074074
0.4444444444444444
0.262962962962963
0.3962962962962963
0.3296296296296296
0.3777777777777778
0.4407407407407407
0.4555555555555556
0.4407407407407408
0.6185185185185185
0.3222222222222223
0.4777777777777777
0.537037037037037
0.5740740740740741
0.4111111111111111
0.3407407407407407
0.2888888888888889
0.4000000000000001
0.3777777777777778
0.5444444444444445
0.4296296296296297
0.3740740740740741
0.4703703703703702
0.3666666666666666
0.5481481481481481
0.6555555555555556
0.2888888888888889
0.4555555555555555
0.3481481481481482
0.4333333333333334
0.3888888888888888
0.4370370370370371
0.3925925925925925
0.2222222222222222
0.5851851851851851
0.7407407407407407
0.4481481481481481
0.4148148148148149
0.3555555555555556
0.5444444444444444
0.4
0.2666666666666666
0.4037037037037037
0.6444444444444444
0.3259259259259259
0.5407407407407409
0.5703703703703704
0.5925925925925927
0.7666666666666667
0.7703703703703704
0.6629629629629629
0.4296296296296297
0.6185185185185185
0.6851851851851852
0.6851851851851852
0.7592592592592593
0.5962962962962963
0.5518518518518519
0.5333333333333333
0.3148148148148148
0.3185185185185185
0.5888888888888888
0.8037037037037036
0.4074074074074074
0.6259259259259258
0.4666666666666666
0.4444444444444444
0.6518518518518517
0.574074074074074
0.5259259259259259
0.4222222222222222
0.462962962962963
0.4259259259259259
0.4185185185185185
0.5185185185185185
0.6925925925925925
0.6074074074074074
0.4037037037037037
0.5814814814814815
0.4407407407407408
0.4481481481481481
0.4703703703703703
0.5333333333333334
0.4592592592592591
0.2111111111111111
0.6666666666666666
0.4777777777777777
0.5555555555555555
0.4703703703703703
0.4703703703703703
0.5259259259259259
0.7074074074074075
0.5296296296296297
0.6592592592592592
0.6370370370370371
0.5222222222222223
0.6814814814814815
0.4592592592592594
0.5037037037037037
0.6481481481481481
0.6777777777777778
0.4296296296296297
0.7185185185185184
0.4185185185185185
0.3481481481481482
0.2111111111111111
0.6074074074074075
0.5592592592592592
0.5333333333333333
0.4851851851851851
0.4666666666666666
0.5666666666666667
0.4518518518518518
0.6
0.3740740740740741
0.4962962962962963
0.4296296296296296
0.4888888888888889
0.3185185185185185
0.3407407407407407
0.5407407407407406
0.6703703703703704
0.3666666666666666
0.4407407407407407
0.4666666666666667
0.2518518518518519
0.4703703703703704
0.4444444444444444
0.6370370370370371
0.4666666666666666
0.5851851851851853
0.4592592592592593
0.5222222222222223
0.2555555555555555
0.5074074074074073
0.5444444444444443
0.4925925925925926
0.6148148148148148
0.5740740740740741
0.3740740740740741
0.2518518518518518
0.3111111111111111
0.4592592592592593
0.4296296296296296
0.5666666666666665
0.5962962962962962
0.5296296296296296
0.6
0.4962962962962962
0.4592592592592593
0.337037037037037
0.5296296296296297
0.4777777777777777
0.725925925925926
0.1481481481481481
0.5111111111111111
0.462962962962963
0.6481481481481481
0.5259259259259259
0.4444444444444444
0.3185185185185185
0.3777777777777777
0.4555555555555555
0.5
0.5888888888888888
0.5592592592592592
0.5407407407407406
0.2962962962962963
0.437037037037037
0.4148148148148148
0.4444444444444445
0.3814814814814815
0.5222222222222223
0.3925925925925927
0.888888888888889
0.3962962962962963
0.4074074074074074
0.3851851851851852
0.5185185185185185
0.4814814814814816
0.5185185185185185
0.4259259259259259
0.2925925925925926
0.5481481481481482
0.4037037037037037
0.6037037037037036
0.3851851851851852
0.6185185185185185
0.4222222222222222
0.2925925925925926
0.5333333333333333
0.4777777777777779
0.5296296296296296
0.4074074074074074
0.3925925925925925
0.3555555555555555
0.5185185185185185
0.3629629629629629
0.5074074074074073
0.5703703703703704
0.4111111111111111
0.4222222222222222
0.3222222222222222
0.6222222222222221
0.4666666666666666
0.4074074074074074
0.4074074074074073
0.5296296296296297
0.4444444444444444
0.4333333333333333
0.4074074074074073
0.4666666666666666
0.2888888888888889
0.3481481481481482
0.3407407407407407
0.4185185185185186
0.4814814814814814
0.4185185185185184
0.5037037037037037
0.6481481481481481
0.5444444444444444
0.4148148148148148
0.7185185185185186
0.3333333333333333
0.4074074074074073
0.4259259259259259
0.3740740740740741
0.3333333333333333
0.2148148148148148
0.4962962962962962
0.4851851851851852
0.4037037037037037
0.4296296296296296
0.4629629629629629
0.4518518518518518
0.2666666666666667
0.4296296296296296
0.4333333333333333
0.625925925925926
0.3851851851851852
0.4259259259259259
0.4518518518518518
0.2185185185185185
0.1888888888888889
0.3481481481481482
0.4111111111111111
0.362962962962963
0.4481481481481482
0.1740740740740741
0.3518518518518519
0.6370370370370371
0.5074074074074073
0.6037037037037036
0.2925925925925926
0.4888888888888888
0.3481481481481482
0.5037037037037037
0.3814814814814815
0.2592592592592593
0.2518518518518518
0.4407407407407408
0.4555555555555555
0.4814814814814815
0.337037037037037
0.4555555555555555
0.2444444444444445
0.3925925925925925
0.4222222222222222